#c:\Users\kacpe\informatik\python\SI\Multistage-Morris-AI\GameGraph.py
# GMT Wed Apr  2 17:57:29 2025
# 
65086642155 64699221678 64699221696 64699221750 64699221912 64699222398 64699223856 64699228230 64699241352 64699280718 64699398816 64699753110 64700815992 64704004638 64713570576 64742268390 64828361832
64699221678
64699221696
64699221750
64699221912
64699222398
64699223856
64699228230
64699241352
64699280718
64699398816
64699753110
64700815992
64704004638
64713570576
64742268390
64828361832
